# portland deep agrid USGS model 2008. Nonzero entries only.
# Long(d)     Lat(d) AnnRate(M0)
  -123.80    46.30 0.82270E-03
  -123.70    46.30 0.82270E-03
  -123.60    46.30 0.82270E-03
  -123.50    46.30 0.82270E-03
  -123.40    46.30 0.82270E-03
  -123.30    46.30 0.82270E-03
  -123.20    46.30 0.82270E-03
  -123.10    46.30 0.82270E-03
  -123.00    46.30 0.82270E-03
  -122.90    46.30 0.82270E-03
  -122.80    46.30 0.82270E-03
  -122.70    46.30 0.82270E-03
  -122.60    46.30 0.82270E-03
  -122.50    46.30 0.82270E-03
  -122.40    46.30 0.82270E-03
  -122.30    46.30 0.82270E-03
  -123.80    46.20 0.82420E-03
  -123.70    46.20 0.82420E-03
  -123.60    46.20 0.82420E-03
  -123.50    46.20 0.82420E-03
  -123.40    46.20 0.82420E-03
  -123.30    46.20 0.82420E-03
  -123.20    46.20 0.82420E-03
  -123.10    46.20 0.82420E-03
  -123.00    46.20 0.82420E-03
  -122.90    46.20 0.82420E-03
  -122.80    46.20 0.82420E-03
  -122.70    46.20 0.82420E-03
  -122.60    46.20 0.82420E-03
  -122.50    46.20 0.82420E-03
  -122.40    46.20 0.82420E-03
  -122.30    46.20 0.82420E-03
  -123.80    46.10 0.82570E-03
  -123.70    46.10 0.82570E-03
  -123.60    46.10 0.82570E-03
  -123.50    46.10 0.82570E-03
  -123.40    46.10 0.82570E-03
  -123.30    46.10 0.82570E-03
  -123.20    46.10 0.82570E-03
  -123.10    46.10 0.82570E-03
  -123.00    46.10 0.82570E-03
  -122.90    46.10 0.82570E-03
  -122.80    46.10 0.82570E-03
  -122.70    46.10 0.82570E-03
  -122.60    46.10 0.82570E-03
  -122.50    46.10 0.82570E-03
  -122.40    46.10 0.82570E-03
  -122.30    46.10 0.82570E-03
  -123.80    46.00 0.82720E-03
  -123.70    46.00 0.82720E-03
  -123.60    46.00 0.82720E-03
  -123.50    46.00 0.82720E-03
  -123.40    46.00 0.82720E-03
  -123.30    46.00 0.82720E-03
  -123.20    46.00 0.82720E-03
  -123.10    46.00 0.82720E-03
  -123.00    46.00 0.82720E-03
  -122.90    46.00 0.82720E-03
  -122.80    46.00 0.82720E-03
  -122.70    46.00 0.82720E-03
  -122.60    46.00 0.82720E-03
  -122.50    46.00 0.82720E-03
  -122.40    46.00 0.82720E-03
  -122.30    46.00 0.82720E-03
  -123.80    45.90 0.82869E-03
  -123.70    45.90 0.82869E-03
  -123.60    45.90 0.82869E-03
  -123.50    45.90 0.82869E-03
  -123.40    45.90 0.82869E-03
  -123.30    45.90 0.82869E-03
  -123.20    45.90 0.82869E-03
  -123.10    45.90 0.82869E-03
  -123.00    45.90 0.82869E-03
  -122.90    45.90 0.82869E-03
  -122.80    45.90 0.82869E-03
  -122.70    45.90 0.82869E-03
  -122.60    45.90 0.82869E-03
  -122.50    45.90 0.82869E-03
  -122.40    45.90 0.82869E-03
  -122.30    45.90 0.82869E-03
  -123.80    45.80 0.83018E-03
  -123.70    45.80 0.83018E-03
  -123.60    45.80 0.83018E-03
  -123.50    45.80 0.83018E-03
  -123.40    45.80 0.83018E-03
  -123.30    45.80 0.83018E-03
  -123.20    45.80 0.83018E-03
  -123.10    45.80 0.83018E-03
  -123.00    45.80 0.83018E-03
  -122.90    45.80 0.83018E-03
  -122.80    45.80 0.83018E-03
  -122.70    45.80 0.83018E-03
  -122.60    45.80 0.83018E-03
  -122.50    45.80 0.83018E-03
  -122.40    45.80 0.83018E-03
  -122.30    45.80 0.83018E-03
  -123.80    45.70 0.83167E-03
  -123.70    45.70 0.83167E-03
  -123.60    45.70 0.83167E-03
  -123.50    45.70 0.83167E-03
  -123.40    45.70 0.83167E-03
  -123.30    45.70 0.83167E-03
  -123.20    45.70 0.83167E-03
  -123.10    45.70 0.83167E-03
  -123.00    45.70 0.83167E-03
  -122.90    45.70 0.83167E-03
  -122.80    45.70 0.83167E-03
  -122.70    45.70 0.83167E-03
  -122.60    45.70 0.83167E-03
  -122.50    45.70 0.83167E-03
  -122.40    45.70 0.83167E-03
  -122.30    45.70 0.83167E-03
  -123.80    45.60 0.83316E-03
  -123.70    45.60 0.83316E-03
  -123.60    45.60 0.83316E-03
  -123.50    45.60 0.83316E-03
  -123.40    45.60 0.83316E-03
  -123.30    45.60 0.83316E-03
  -123.20    45.60 0.83316E-03
  -123.10    45.60 0.83316E-03
  -123.00    45.60 0.83316E-03
  -122.90    45.60 0.83316E-03
  -122.80    45.60 0.83316E-03
  -122.70    45.60 0.83316E-03
  -122.60    45.60 0.83316E-03
  -122.50    45.60 0.83316E-03
  -122.40    45.60 0.83316E-03
  -122.30    45.60 0.83316E-03
  -123.80    45.50 0.83464E-03
  -123.70    45.50 0.83464E-03
  -123.60    45.50 0.83464E-03
  -123.50    45.50 0.83464E-03
  -123.40    45.50 0.83464E-03
  -123.30    45.50 0.83464E-03
  -123.20    45.50 0.83464E-03
  -123.10    45.50 0.83464E-03
  -123.00    45.50 0.83464E-03
  -122.90    45.50 0.83464E-03
  -122.80    45.50 0.83464E-03
  -122.70    45.50 0.83464E-03
  -122.60    45.50 0.83464E-03
  -122.50    45.50 0.83464E-03
  -122.40    45.50 0.83464E-03
  -122.30    45.50 0.83464E-03
  -123.80    45.40 0.83612E-03
  -123.70    45.40 0.83612E-03
  -123.60    45.40 0.83612E-03
  -123.50    45.40 0.83612E-03
  -123.40    45.40 0.83612E-03
  -123.30    45.40 0.83612E-03
  -123.20    45.40 0.83612E-03
  -123.10    45.40 0.83612E-03
  -123.00    45.40 0.83612E-03
  -122.90    45.40 0.83612E-03
  -122.80    45.40 0.83612E-03
  -122.70    45.40 0.83612E-03
  -122.60    45.40 0.83612E-03
  -122.50    45.40 0.83612E-03
  -122.40    45.40 0.83612E-03
  -122.30    45.40 0.83612E-03
  -123.80    45.30 0.83760E-03
  -123.70    45.30 0.83760E-03
  -123.60    45.30 0.83760E-03
  -123.50    45.30 0.83760E-03
  -123.40    45.30 0.83760E-03
  -123.30    45.30 0.83760E-03
  -123.20    45.30 0.83760E-03
  -123.10    45.30 0.83760E-03
  -123.00    45.30 0.83760E-03
  -122.90    45.30 0.83760E-03
  -122.80    45.30 0.83760E-03
  -122.70    45.30 0.83760E-03
  -122.60    45.30 0.83760E-03
  -122.50    45.30 0.83760E-03
  -122.40    45.30 0.83760E-03
  -122.30    45.30 0.83760E-03
  -123.80    45.20 0.83907E-03
  -123.70    45.20 0.83907E-03
  -123.60    45.20 0.83907E-03
  -123.50    45.20 0.83907E-03
  -123.40    45.20 0.83907E-03
  -123.30    45.20 0.83907E-03
  -123.20    45.20 0.83907E-03
  -123.10    45.20 0.83907E-03
  -123.00    45.20 0.83907E-03
  -122.90    45.20 0.83907E-03
  -122.80    45.20 0.83907E-03
  -122.70    45.20 0.83907E-03
  -122.60    45.20 0.83907E-03
  -122.50    45.20 0.83907E-03
  -122.40    45.20 0.83907E-03
  -122.30    45.20 0.83907E-03
  -123.80    45.10 0.84055E-03
  -123.70    45.10 0.84055E-03
  -123.60    45.10 0.84055E-03
  -123.50    45.10 0.84055E-03
  -123.40    45.10 0.84055E-03
  -123.30    45.10 0.84055E-03
  -123.20    45.10 0.84055E-03
  -123.10    45.10 0.84055E-03
  -123.00    45.10 0.84055E-03
  -122.90    45.10 0.84055E-03
  -122.80    45.10 0.84055E-03
  -122.70    45.10 0.84055E-03
  -122.60    45.10 0.84055E-03
  -122.50    45.10 0.84055E-03
  -122.40    45.10 0.84055E-03
  -122.30    45.10 0.84055E-03
  -123.80    45.00 0.84202E-03
  -123.70    45.00 0.84202E-03
  -123.60    45.00 0.84202E-03
  -123.50    45.00 0.84202E-03
  -123.40    45.00 0.84202E-03
  -123.30    45.00 0.84202E-03
  -123.20    45.00 0.84202E-03
  -123.10    45.00 0.84202E-03
  -123.00    45.00 0.84202E-03
  -122.90    45.00 0.84202E-03
  -122.80    45.00 0.84202E-03
  -122.70    45.00 0.84202E-03
  -122.60    45.00 0.84202E-03
  -122.50    45.00 0.84202E-03
  -122.40    45.00 0.84202E-03
  -122.30    45.00 0.84202E-03
  -123.80    44.90 0.84349E-03
  -123.70    44.90 0.84349E-03
  -123.60    44.90 0.84349E-03
  -123.50    44.90 0.84349E-03
  -123.40    44.90 0.84349E-03
  -123.30    44.90 0.84349E-03
  -123.20    44.90 0.84349E-03
  -123.10    44.90 0.84349E-03
  -123.00    44.90 0.84349E-03
  -122.90    44.90 0.84349E-03
  -122.80    44.90 0.84349E-03
  -122.70    44.90 0.84349E-03
  -122.60    44.90 0.84349E-03
  -122.50    44.90 0.84349E-03
  -122.40    44.90 0.84349E-03
  -122.30    44.90 0.84349E-03
  -123.80    44.80 0.84495E-03
  -123.70    44.80 0.84495E-03
  -123.60    44.80 0.84495E-03
  -123.50    44.80 0.84495E-03
  -123.40    44.80 0.84495E-03
  -123.30    44.80 0.84495E-03
  -123.20    44.80 0.84495E-03
  -123.10    44.80 0.84495E-03
  -123.00    44.80 0.84495E-03
  -122.90    44.80 0.84495E-03
  -122.80    44.80 0.84495E-03
  -122.70    44.80 0.84495E-03
  -122.60    44.80 0.84495E-03
  -122.50    44.80 0.84495E-03
  -122.40    44.80 0.84495E-03
  -122.30    44.80 0.84495E-03
  -123.80    44.70 0.84642E-03
  -123.70    44.70 0.84642E-03
  -123.60    44.70 0.84642E-03
  -123.50    44.70 0.84642E-03
  -123.40    44.70 0.84642E-03
  -123.30    44.70 0.84642E-03
  -123.20    44.70 0.84642E-03
  -123.10    44.70 0.84642E-03
  -123.00    44.70 0.84642E-03
  -122.90    44.70 0.84642E-03
  -122.80    44.70 0.84642E-03
  -122.70    44.70 0.84642E-03
  -122.60    44.70 0.84642E-03
  -122.50    44.70 0.84642E-03
  -122.40    44.70 0.84642E-03
  -122.30    44.70 0.84642E-03
  -123.80    44.60 0.84788E-03
  -123.70    44.60 0.84788E-03
  -123.60    44.60 0.84788E-03
  -123.50    44.60 0.84788E-03
  -123.40    44.60 0.84788E-03
  -123.30    44.60 0.84788E-03
  -123.20    44.60 0.84788E-03
  -123.10    44.60 0.84788E-03
  -123.00    44.60 0.84788E-03
  -122.90    44.60 0.84788E-03
  -122.80    44.60 0.84788E-03
  -122.70    44.60 0.84788E-03
  -122.60    44.60 0.84788E-03
  -122.50    44.60 0.84788E-03
  -122.40    44.60 0.84788E-03
  -122.30    44.60 0.84788E-03
  -123.80    44.50 0.84934E-03
  -123.70    44.50 0.84934E-03
  -123.60    44.50 0.84934E-03
  -123.50    44.50 0.84934E-03
  -123.40    44.50 0.84934E-03
  -123.30    44.50 0.84934E-03
  -123.20    44.50 0.84934E-03
  -123.10    44.50 0.84934E-03
  -123.00    44.50 0.84934E-03
  -122.90    44.50 0.84934E-03
  -122.80    44.50 0.84934E-03
  -122.70    44.50 0.84934E-03
  -122.60    44.50 0.84934E-03
  -122.50    44.50 0.84934E-03
  -122.40    44.50 0.84934E-03
  -122.30    44.50 0.84934E-03
  -123.80    44.40 0.85079E-03
  -123.70    44.40 0.85079E-03
  -123.60    44.40 0.85079E-03
  -123.50    44.40 0.85079E-03
  -123.40    44.40 0.85079E-03
  -123.30    44.40 0.85079E-03
  -123.20    44.40 0.85079E-03
  -123.10    44.40 0.85079E-03
  -123.00    44.40 0.85079E-03
  -122.90    44.40 0.85079E-03
  -122.80    44.40 0.85079E-03
  -122.70    44.40 0.85079E-03
  -122.60    44.40 0.85079E-03
  -122.50    44.40 0.85079E-03
  -122.40    44.40 0.85079E-03
  -122.30    44.40 0.85079E-03
  -123.80    44.30 0.85224E-03
  -123.70    44.30 0.85224E-03
  -123.60    44.30 0.85224E-03
  -123.50    44.30 0.85224E-03
  -123.40    44.30 0.85224E-03
  -123.30    44.30 0.85224E-03
  -123.20    44.30 0.85224E-03
  -123.10    44.30 0.85224E-03
  -123.00    44.30 0.85224E-03
  -122.90    44.30 0.85224E-03
  -122.80    44.30 0.85224E-03
  -122.70    44.30 0.85224E-03
  -122.60    44.30 0.85224E-03
  -122.50    44.30 0.85224E-03
  -122.40    44.30 0.85224E-03
  -122.30    44.30 0.85224E-03
  -123.80    44.20 0.85369E-03
  -123.70    44.20 0.85369E-03
  -123.60    44.20 0.85369E-03
  -123.50    44.20 0.85369E-03
  -123.40    44.20 0.85369E-03
  -123.30    44.20 0.85369E-03
  -123.20    44.20 0.85369E-03
  -123.10    44.20 0.85369E-03
  -123.00    44.20 0.85369E-03
  -122.90    44.20 0.85369E-03
  -122.80    44.20 0.85369E-03
  -122.70    44.20 0.85369E-03
  -122.60    44.20 0.85369E-03
  -122.50    44.20 0.85369E-03
  -122.40    44.20 0.85369E-03
  -122.30    44.20 0.85369E-03
  -123.80    44.10 0.85514E-03
  -123.70    44.10 0.85514E-03
  -123.60    44.10 0.85514E-03
  -123.50    44.10 0.85514E-03
  -123.40    44.10 0.85514E-03
  -123.30    44.10 0.85514E-03
  -123.20    44.10 0.85514E-03
  -123.10    44.10 0.85514E-03
  -123.00    44.10 0.85514E-03
  -122.90    44.10 0.85514E-03
  -122.80    44.10 0.85514E-03
  -122.70    44.10 0.85514E-03
  -122.60    44.10 0.85514E-03
  -122.50    44.10 0.85514E-03
  -122.40    44.10 0.85514E-03
  -122.30    44.10 0.85514E-03
