0 		!CEUS gridded for 2007, Johnston Mlg. 2002 Mmax. use hazgridXnga2 
24.6 50. .1
-115. -65. .1
760 2
1 5.0 1 1         !dtor fix at 5 km
1 00 0
5. 1000. 		!1000-km Rmax
24.6 50. 0.1 
-115. -65. 0.1 source box
0.95 5.0 7.0 0.1 3.0
3 1 1
gb.out
gm_j_7p0_7p5.out
adapt_cy.out
1. 0
3
0. 0. 0. PGA
CEUSJstd.pga.ab140
19
.005 .007 .0098 .0137 .0192 .0269 .0376 .0527 .0738 .103 .145 .203 .284 .397 .556 .778 1.09 1.52 2.13 
1
4 1.00 10000. 0.1250 1 AB 140 bar
1.0 0. 0. 1 sec SA
CEUSJstd.100.ab140
20
.0025 .00375 .00563 .00844 .0127 .0190 .0285 .0427 .0641 .0961 .144 .216 .324 .487 .730 1.09 1.64 2.46 3.69 5.54
1
4 1.00 10000. 0.1250 1 AB 140 bar
0.2 0. 0.   0.2 sec SA
CEUSJstd.020.ab140
19
.005 .0075 0.0113 .0169 .0253 .0380 .0570 .0854 .128 .192 .288 .432 .649 .973 1.46 2.19 3.28 4.92 7.38 
1
4 1.00 10000. 0.1250 1 AB 140 bar
